
strategic_region={
	id=117
	name="Boulderov"
	provinces={
		28 102 254 256 272 396 416 482 596 823 844 910 914 946 958 1082 1158 1189 1199 1292 1390 1392 1592 1814 1821 1829 2081 2111 2161 2285 2360 2396 2418 2561 2582 2639 2698 2850 2886 2889 2968 3011 3106 3166 3173 3276 3383 4511 4518 4529 4532 4538 4541 4544 4559 4568 4579 4581 4582 4585 4591 4597 4605 4617 4627 4632 4637 4651 4667 4729 5811 6020 6230 7178 7233 7726 7828 8357 8392 8541 8859 8930 8964 9095 9097 9126 9130 9357 9487 9515 9550 10235 11963 11981 11988 12006 12011 12017 12032 12039 12045 12053 
	}
	weather={
	}
}
