
strategic_region={
	id=13
	name="North Osterium Sea"
	provinces={
		4693 4694 4695 4697 4699 4700 4701 4704 4761 4999 5077 5169 5316 5470 5722 5904 5956 6128 6263 6413 6475 6794 6818 7010 7056 7057 7211 7242 7708 7827 7864 8044 8052 8107 8131 8159 8498 8695 8742 8775 8798 8812 8929 9078 9147 9202 9222 9326 9345 9361 9404 9527 9556 9635 9662 9664 9713 9725 9729 9745 9870 9880 9965 9998 10020 10059 10480 10690 10712 10740 10744 10783 10820 10821 10822 10848 10851 10852 10869 10873 
	}
	weather={
	}
}
