
strategic_region={
	id=15
	name="South Osterium Sea"
	provinces={
		113 213 242 2078 2993 3009 3160 3218 3322 3814 3816 3833 3840 3845 4711 4713 4921 5036 5443 5710 5767 5780 5877 6029 6032 6060 6196 6208 6555 6638 6710 6763 6872 6903 6992 7041 7119 7141 7142 7247 7363 7422 7487 7503 7547 7623 7639 7674 7735 7880 7895 7909 7910 7958 7964 7974 8034 8092 8158 8209 8231 8267 8273 8279 8290 8308 8309 8491 8555 8632 8648 8711 8746 8761 8816 8854 8874 8892 8908 8966 9060 9062 9063 9066 9094 9161 9181 9220 9244 9309 9334 9392 9394 9429 9436 9455 9494 9629 9633 9669 9676 9693 9712 9771 9823 9827 9862 9901 9997 10002 10051 10091 10323 10495 10509 10511 10552 10553 10557 10990 11005 11009 11010 11022 11025 11027 11040 11041 11048 11060 11061 11067 11068 11079 11080 11091 11092 11098 11107 11108 11117 11126 11138 11141 11145 11148 11166 11171 11172 11175 11181 11188 11205 11211 11235 11247 
	}
	weather={
	}
}
