
strategic_region={
	id=16
	name="Sea of Pearls"
	provinces={
		2792 3222 3871 4712 4970 5149 5285 5472 5515 5558 5594 5647 5842 5920 6117 6154 6266 6327 6404 6448 6500 6509 6520 6620 6622 6656 6751 6888 6893 6950 6960 7017 7050 7052 7075 7122 7162 7176 7190 7327 7366 7372 7373 7455 7461 7471 7474 7589 7722 7728 7825 7836 7843 7912 7995 8005 8011 8142 8150 8244 8296 8299 8327 8331 8364 8504 8571 8601 8663 8692 8699 8705 8754 8832 8833 8834 8861 8890 8942 8959 9035 9046 9064 9082 9151 9173 9193 9414 9467 9468 9510 9563 9603 9692 9764 9779 9808 9810 9897 9919 10016 10027 10071 10105 10124 10164 10177 10193 10195 10231 10272 10307 10341 10348 10494 10506 10528 11074 11090 11103 11104 11116 11124 11140 11142 11144 11155 11161 11162 11163 11174 11179 11180 11194 11210 11216 11224 11228 11232 11233 11236 11238 11240 11246 11249 11252 11253 11265 11268 11270 11276 11279 11281 11292 11295 11297 11301 11305 11306 11307 11310 11313 11319 11320 11339 11344 
	}
	weather={
	}
}
