
strategic_region={
	id=17
	name="Svalden Sea"
	provinces={
		2218 3189 3195 4943 4946 5319 5726 5785 5935 5959 6047 6157 6335 6435 6480 6568 6643 6745 6837 6935 6978 6994 7029 7070 7104 7188 7362 7545 7603 7629 7681 7847 7882 8399 8456 8476 8613 8621 8694 8779 8872 8889 8900 8986 8995 9039 9144 9148 9163 9246 9268 9328 9447 9462 9466 9482 9566 9769 9805 9834 9836 9849 9877 9943 10001 10104 10121 10300 10304 10305 10334 10362 10368 10378 10524 11506 11530 11534 11553 11571 11577 11579 11582 11591 11602 11611 11615 11636 11643 11653 11666 11668 11669 11680 11681 11686 11687 11700 11702 11711 11721 11728 11733 
	}
	weather={
	}
}
