
strategic_region={
	id=2
	name="Central Northship Sea"
	provinces={
		2604 2996 4890 4992 5405 5471 5489 5553 5728 5735 5933 6046 6106 6139 6283 6343 6366 6506 6644 6658 6728 6742 6761 6814 6827 7015 7042 7043 7045 7069 7554 7560 7717 7751 7769 7780 7817 7842 7868 7962 8001 8102 8144 8174 8185 8205 8216 8318 8517 8662 8774 8792 8866 8882 8920 8925 8950 8984 9044 9070 9075 9224 9254 9258 9426 9486 9489 9495 9513 9574 9584 9661 9732 9791 9828 9914 9916 9988 10047 10333 10402 10444 10515 10571 10676 10713 10724 10727 10731 10733 10755 10759 10777 10781 10788 10792 10801 10805 10807 10810 10812 10818 10830 10837 10842 10843 10845 10860 
	}
	weather={
	}
}
