
strategic_region={
	id=23
	name="North Domeri Sea"
	provinces={
		814 1350 2977 3066 3881 4803 4855 4951 5279 5502 5733 5897 5951 6023 6133 6136 6228 6667 6703 6773 6828 6982 7098 7335 7730 7888 8057 8167 8169 8293 8294 8484 8615 8675 8725 8810 8895 8998 9022 9164 9174 9427 9508 9551 9683 9838 9846 9883 9926 9928 10048 10190 10206 10256 10262 10321 10345 10400 10411 11063 11100 11136 11139 11146 11153 11157 11170 11182 11187 11191 11202 11208 11222 11223 11225 11237 11289 11293 11308 
	}
	weather={
	}
}
