
strategic_region={
	id=24
	name="Central Domeri Sea"
	provinces={
		2529 4003 4017 4716 4906 4958 5043 5109 5171 5841 5957 5966 6334 6399 6403 6528 6597 6662 6700 6806 6952 7011 7111 7264 7294 7305 7368 7530 7593 7607 7664 7723 7768 7949 8451 8510 8531 8707 8898 8931 8949 9091 9124 9125 9176 9602 9658 9697 9707 9723 9896 9917 10021 10055 10170 10228 10257 10285 10327 10539 11192 11199 11213 11227 11255 11257 11258 11272 11278 11288 11302 11311 11315 11330 11335 11343 11350 11364 11365 11366 11381 11385 11386 11406 11414 11422 
	}
	weather={
	}
}
