
strategic_region={
	id=26
	name="Phagosian Sea"
	provinces={
		1980 2912 2933 3313 4709 4730 4779 5318 5348 5667 5944 5958 5967 6091 6114 6321 6414 6465 6541 6616 6645 6746 6906 6922 6966 7261 7263 7284 7300 7388 7441 7563 7624 7626 7651 7760 7790 7911 7986 8084 8195 8274 8335 8350 8464 8560 8630 8721 8766 8805 8909 8919 9004 9032 9043 9129 9157 9178 9283 9288 9306 9364 9434 9484 9488 9549 9589 9591 9593 9673 9681 9711 9722 9740 9888 9953 10038 10060 10063 10084 10092 10191 10200 10222 10239 10264 10273 10349 10384 10446 10523 10899 10902 10913 10921 10924 10930 10935 10943 10948 10960 10962 10964 10974 10980 10994 10998 11000 11020 11023 11024 11034 11035 11042 11044 11053 11071 11072 11082 
	}
	weather={
	}
}
