
strategic_region={
	id=27
	name="East Phagosian Sea"
	provinces={
		85 1208 2095 2286 2386 3147 4710 4835 4893 4925 4938 4965 4971 4975 5069 5204 5255 5275 5281 5308 5327 5623 5876 5880 5909 6010 6076 6113 6156 6168 6221 6527 6544 6632 6633 6678 6693 6737 6784 6808 6897 7013 7129 7249 7257 7324 7329 7447 7460 7476 7515 7621 7686 7720 7765 7887 7906 7924 7935 7945 7947 7948 7965 7985 8089 8112 8149 8220 8246 8497 8530 8559 8633 8661 8731 8770 8818 8891 8894 8910 9010 9055 9116 9128 9132 9179 9182 9195 9252 9370 9424 9457 9458 9506 9526 9541 9573 9583 9597 9682 9770 9790 9884 10075 10145 10178 10225 10229 10265 10278 10284 10303 10332 10448 10461 10465 10471 10502 10563 10920 10925 10939 10956 10965 10972 10973 10982 10989 10991 10997 11002 11012 11021 11030 11032 11037 11038 11039 11043 11046 11047 11062 11081 11083 11095 11102 11109 11110 11133 11150 11154 11168 11169 11190 11203 11212 
	}
	weather={
	}
}
