
strategic_region={
	id=28
	name="South Phagosian Sea"
	provinces={
		758 918 1048 1052 2436 2448 2557 2591 2882 3312 3872 3960 4797 4964 5076 5116 5176 5223 5254 5499 5579 5662 5845 5854 5885 5945 6017 6105 6131 6226 6341 6396 6606 7003 7084 7087 7187 7262 7286 7290 7611 7617 7661 7706 7837 7925 7975 7993 8066 8068 8166 8261 8435 8452 8503 8644 8697 8794 8835 8857 8865 8985 9081 9153 9320 9362 9368 9580 9586 9627 9678 9690 9760 9789 9817 9855 9860 9868 9967 9983 10015 10057 10137 10146 10151 10194 10227 10241 10294 10329 10374 10393 11066 11119 11120 11121 11132 11147 11149 11165 11167 11173 11185 11186 11193 11196 11209 11215 11217 11243 11245 11248 11259 11261 11282 11284 
	}
	weather={
	}
}
