
strategic_region={
	id=29
	name="Umbra Gulf"
	provinces={
		4714 5034 5894 6111 6170 6212 6380 6394 6512 6748 6820 7022 7293 7344 7480 7498 8008 8054 8062 8105 8115 8262 8352 8356 8445 8458 8522 8593 8625 8715 8739 8903 9000 9071 9139 9145 9150 9238 9287 9289 9292 9315 9321 9341 9539 9595 9657 9695 9960 9971 9982 9987 10069 10073 10123 10172 10234 10243 10403 10405 10450 10454 10473 11231 11242 11262 11263 11271 11280 11294 11296 11298 11312 11329 11331 11336 11338 11341 11353 11354 11368 11372 11376 
	}
	weather={
	}
}
