
strategic_region={
	id=30
	name="Sea of Slaves"
	provinces={
		10 3261 3263 4201 4715 4717 4718 4731 4809 5104 5158 5400 5538 5632 6015 6306 6376 6397 6430 6484 6574 6887 6911 6942 6980 7071 7158 7221 7225 7340 7356 7418 7440 7486 7507 7573 7576 7663 7691 7766 7802 7920 8021 8078 8287 8333 8545 8586 8911 8971 8974 9017 9020 9152 9162 9165 9190 9279 9376 9435 9469 9502 9521 9585 9606 9638 9671 9696 9727 9758 9759 9784 9800 9927 9939 9955 9961 9962 9990 10188 10210 10259 10292 10309 10343 10455 10497 11318 11325 11328 11332 11334 11348 11352 11359 11360 11361 11362 11363 11370 11375 11377 11384 11394 11416 11419 11423 11432 11446 11448 11453 11455 11457 11488 
	}
	weather={
	}
}
