
strategic_region={
	id=32
	name="Zhaitker Sea"
	provinces={
		786 1574 2043 2060 2318 2955 4311 4324 4332 4347 4368 4723 4724 4725 4790 5011 5023 5112 5195 5310 5390 5446 5453 5539 5684 5867 5905 6217 6405 6446 6460 6557 6636 6647 6653 6824 6912 6931 7019 7032 7046 7137 7203 7361 7463 7470 7522 7548 7773 7782 7804 7844 7850 7902 7943 7956 8117 8139 8145 8187 8286 8536 8550 8696 8735 8763 8786 8793 8896 9029 9056 9110 9133 9198 9225 9286 9360 9401 9410 9463 9500 9505 9546 9558 9561 9643 9653 9756 9818 9910 9915 10032 10033 10080 10096 10230 10317 10443 10490 10560 10574 11511 11533 11554 11570 11595 11596 11599 11605 11626 11627 11629 11630 11632 11634 11635 11650 11654 11661 11673 11676 11679 11682 11685 11691 11698 11703 11716 11731 11736 11743 11766 11772 11773 11775 11796 11812 
	}
	weather={
	}
}
