
strategic_region={
	id=33
	name="West Atsyllean Sea"
	provinces={
		674 930 1114 1775 1973 2332 2580 2876 3035 3076 3182 4158 4230 4252 4755 4857 5044 5205 5253 5309 5552 5698 5758 5878 5881 6011 6052 6143 6337 6339 6381 6536 6542 6715 6733 6861 6892 6945 7035 7080 7228 7328 7395 7417 7420 7575 7596 7633 7659 7752 7810 7917 7941 8051 8156 8177 8204 8213 8358 8388 8442 8524 8539 8629 8643 8667 8717 8762 8783 8852 8870 8935 9065 9120 9228 9369 9373 9415 9420 9421 9428 9438 9560 9906 9920 10003 10031 10045 10061 10122 10255 10282 10339 10412 10442 10501 10543 10556 11387 11412 11429 11430 11458 11462 11469 11471 11484 11486 11491 11495 11505 11513 11526 11528 11529 11541 11543 11545 11547 11549 11552 11561 11564 11586 
	}
	weather={
	}
}
