
strategic_region={
	id=34
	name="East Atsyllean Sea"
	provinces={
		2116 2154 4719 4851 5142 5397 5497 5611 5870 5926 5948 6227 6391 6724 6740 7007 7259 7352 7406 7411 7539 7614 7650 7746 7764 7789 8061 8088 8163 8255 8297 8300 8372 8449 8471 8508 8511 8551 8568 8623 8728 8789 8801 8806 8839 8844 8934 9054 9104 9186 9205 9251 9335 9347 9398 9497 9532 9691 9700 9820 9903 9947 10004 10024 10070 10160 10202 10203 10477 10491 10514 10537 10572 11369 11373 11383 11396 11397 11398 11405 11407 11408 11420 11424 11425 11426 11431 11434 11441 11442 11449 11450 11463 11468 11476 11477 11480 11481 11483 11485 11494 11514 11520 11555 11562 
	}
	weather={
	}
}
