
strategic_region={
	id=36
	name="Akratian Sea"
	provinces={
		1040 1195 1761 2242 2382 2781 2924 3177 4381 4391 4396 4726 4757 4837 4849 5183 5375 5506 5922 6004 6014 6037 6236 6255 6674 6717 6732 6871 6944 6986 6990 7136 7248 7304 7392 7437 7449 7509 7749 7800 7865 7933 7936 8027 8028 8036 8263 8320 8502 8516 8590 8639 8807 8814 8819 8897 8947 9264 9609 9708 9907 9922 10000 10022 10023 10078 10182 10207 10291 10328 10336 10453 10470 10567 11603 11625 11640 11642 11656 11660 11696 11699 11704 11718 11764 11781 11791 11793 11794 11804 11805 11808 11819 11840 
	}
	weather={
	}
}
