
strategic_region={
	id=42
	name="North Andorn"
	provinces={
		1 60 99 107 124 129 135 156 255 357 434 527 656 671 686 714 802 830 841 858 920 955 988 1001 1013 1021 1051 1091 1100 1168 1190 1279 1339 1369 1374 1379 1520 1535 1547 1653 1674 1677 1702 1729 1768 1877 1902 1937 2061 2090 2098 2100 2115 2139 2152 2164 2199 2223 2258 2276 2290 2358 2395 2398 2457 2465 2480 2496 2509 2538 2559 2596 2650 2659 2661 2740 2801 2813 2830 2833 2843 2861 2863 2875 2989 2997 3017 3039 3042 3045 3052 3091 3152 3174 3251 3337 3392 3393 3394 3395 3396 3397 3416 3417 3420 3428 3429 3430 3431 3441 3444 3457 3462 3466 3468 3472 3477 3478 3479 3481 3483 3490 3493 3496 3498 3501 3502 3508 3512 3513 3514 6586 7163 8492 8622 8962 
	}
	weather={
	}
}
