
strategic_region={
	id=65
	name="Central Niedia"
	provinces={
		5 100 106 140 194 317 319 374 405 455 487 615 617 646 732 792 804 874 919 948 975 1161 1225 1248 1273 1323 1358 1438 1466 1545 1608 1665 1817 1849 1859 1887 2054 2077 2158 2162 2225 2323 2365 2472 2489 2493 2537 2587 2599 2634 2647 2653 2675 2686 2717 2729 2739 2752 2785 2864 2901 2927 2941 3006 3060 3086 3110 3122 3368 3369 3756 3786 3791 3798 3803 3806 3812 3813 3824 3826 3836 3850 3851 3852 3860 3862 3885 3899 6050 7244 7342 9069 9233 
	}
	weather={
	}
}
