
strategic_region={
	id=73
	name="Northeast Yimmu-Audal"
	provinces={
		186 305 426 572 576 752 766 811 817 902 911 929 935 1080 1099 1239 1327 1418 1464 1497 1510 1511 1650 1684 1698 1699 1703 1740 1778 1978 2045 2052 2064 2091 2215 2251 2254 2274 2289 2473 2545 2664 2762 2836 2874 3025 3067 3097 3107 3212 3827 3864 3868 3873 3876 3880 3891 3894 3895 3901 3913 3914 3923 3931 3933 3943 3947 3955 3959 3968 3969 3975 3985 3994 4018 4781 8211 8620 9135 9300 9514 9854 10373 10566 11064 11099 11115 11135 
	}
	weather={
	}
}
