
strategic_region={
	id=74
	name="Northwest Yimmu-Audal"
	provinces={
		17 29 74 207 270 315 476 481 511 538 575 740 767 779 806 868 887 989 1014 1077 1156 1297 1413 1454 1457 1532 1609 1612 1687 1736 1741 1779 1809 1850 1883 1928 1930 1964 2008 2114 2209 2283 2422 2485 2508 2527 2662 2764 2800 2884 2920 2976 3823 3830 3835 3843 3849 3857 3858 3861 3869 3875 3878 3883 3884 3886 3890 3903 3905 3912 3915 3917 3937 3941 3949 3952 3962 3977 5745 7775 8047 10250 10371 11122 11127 
	}
	weather={
	}
}
