
strategic_region={
	id=8
	name="Central Atardon Sea"
	provinces={
		759 1560 2126 3506 3515 3523 4690 4692 5025 5059 5344 5501 5531 5663 5666 6245 6336 6428 6524 6573 6585 6621 6857 7164 7318 7459 7465 7549 8071 8093 8190 8239 8390 8563 8570 8687 8732 8788 8836 8837 8862 8873 8886 8980 8994 9154 9191 9216 9243 9259 9333 9348 9391 9454 9578 9613 9626 9734 9788 9793 9923 9954 9999 10026 10248 10406 10409 10423 10449 10548 10614 10667 10678 10685 10720 10728 10735 10737 10748 10753 10756 10760 10767 10775 10785 10799 10803 
	}
	weather={
	}
}
